191499	2297
353560	2032
1059899	1849
713695	1499
67897	1469
655904	1397
221663	1356
81360	1267
783997	1252
514725	1238
823766	1192
454937	1181
889095	1174
770668	1118
671759	1105
186456	1022
936203	1021
729259	1015
946001	1015
315345	983
28895	954
181387	936
107407	904
926069	900
89953	896
944554	876
1039919	871
617878	852
413046	817
676215	814
48664	797
441588	788
349999	760
981145	759
49881	753
141675	727
343432	726
513855	717
213297	710
3001	699
100215	692
526229	684
15173	674
147751	662
698879	659
950987	654
846908	651
81901	648
203050	637
399879	632
834362	631
764906	630
110347	626
735931	622
952198	621
209821	620
779070	618
235204	618
986262	614
276750	613
1075577	585
886674	583
318890	582
386646	581
678194	581
992011	580
605027	580
939915	577
796566	577
554408	576
722301	574
772645	572
15207	570
487805	566
472166	566
758374	565
825218	558
918348	552
717309	550
419724	546
784134	544
201405	542
893999	527
335720	526
82431	525
855358	515
1093758	508
800025	499
566407	499
179830	498
656693	488
308579	484
982357	483
597305	479
559647	476
822352	475
173776	469
102025	460
836076	459
636863	458
