3760	105342
3828	103811
4173	71459
1102	71288
4044	65216
1393	55200
3677	48076
1	44440
3491	42548
3698	40393
420	37148
4976	36475
4752	35137
606	35024
4094	34671
1503	34554
184	31324
4257	30258
461	26510
2371	24668
1663	24307
3213	22814
798	22148
173	21437
3183	21290
4945	21238
4218	20931
2781	20498
4924	20194
3449	19832
158	19801
4282	19311
4845	19209
2412	18541
2677	18445
2468	18404
2813	18233
2823	18226
1272	18079
4847	17890
1595	17859
3663	17524
1480	17109
2223	17094
4798	16979
1043	16899
331	16628
1340	16513
4918	16252
1760	16013
1892	15912
2206	15713
4538	15455
859	15217
1535	14695
3925	14690
3734	14381
416	14136
2336	13910
2676	13660
28	13626
1815	13571
4509	13568
1890	13554
644	13514
3460	13408
628	13123
643	13038
121	12846
361	12786
3659	12713
4404	12525
1501	12503
1138	12398
2403	12335
2385	12299
3315	11993
2062	11779
651	11353
2963	11226
3970	11214
3578	11028
4127	10798
1257	10792
4760	10786
3507	10706
1674	10431
1058	10374
375	10330
437	10153
3295	10110
2928	10044
1188	9918
2560	9917
830	9867
141	9825
3623	9740
965	9614
4766	9587
1810	9587
