(191499,5118)
(353560,4674)
(1059899,3890)
(67897,3752)
(655904,3683)
(713695,3593)
(454937,3435)
(221663,3173)
(1039919,3048)
(729259,3048)
(946001,3043)
(783997,3025)
(514725,2859)
(823766,2816)
(81360,2805)
(107407,2737)
(770668,2695)
(889095,2680)
(936203,2582)
(698879,2520)
(349999,2499)
(671759,2475)
(186456,2426)
(315345,2254)
(413046,2213)
(181387,2111)
(926069,2082)
(89953,2079)
(28895,2022)
(617878,1976)
(944554,1958)
(676215,1807)
(213297,1771)
(49881,1761)
(764906,1744)
(15207,1742)
(513855,1725)
(48664,1694)
(179830,1670)
(441588,1668)
(981145,1661)
(758374,1635)
(939915,1628)
(678194,1622)
(722301,1602)
(147751,1577)
(1025501,1570)
(3001,1561)
(343432,1550)
(141675,1543)
(952198,1542)
(846908,1522)
(100215,1502)
(201405,1485)
(526229,1481)
(950987,1476)
(1100222,1469)
(605027,1454)
(1102377,1445)
(335720,1442)
(110347,1429)
(399879,1424)
(15173,1419)
(834362,1418)
(1075577,1388)
(487805,1366)
(81901,1364)
(276750,1359)
(796566,1359)
(173776,1353)
(203050,1345)
(735931,1332)
(209821,1321)
(376482,1316)
(386646,1312)
(235204,1309)
(779070,1306)
(318890,1297)
(986262,1294)
(918348,1268)
(717309,1267)
(886674,1267)
(784134,1245)
(28186,1244)
(489523,1236)
(554408,1233)
(772645,1220)
(472166,1214)
(982357,1214)
(992011,1212)
(825218,1196)
(566407,1182)
(293244,1180)
(419724,1158)
(893999,1150)
(855358,1146)
(256896,1129)
(82431,1126)
(1042707,1123)
(1093758,1120)
