(4044,15882)
(3491,7956)
(1102,7596)
(3828,7397)
(4173,7310)
(3734,6878)
(2385,6581)
(4976,6547)
(798,6266)
(1393,6182)
(3760,6105)
(422,5896)
(1892,5688)
(4282,5661)
(1535,5570)
(4760,5550)
(184,5322)
(4644,5261)
(598,4906)
(3698,4757)
(375,4528)
(4043,4275)
(2537,4013)
(1760,3953)
(606,3953)
(1257,3935)
(2482,3928)
(2138,3751)
(4218,3746)
(4659,3716)
(141,3523)
(4918,3378)
(420,3369)
(2813,3326)
(173,3326)
(4538,3323)
(3826,3273)
(2031,3234)
(2387,3159)
(962,3074)
(2223,3051)
(742,3050)
(1816,3036)
(2217,3035)
(66,2959)
(4079,2954)
(2403,2894)
(4845,2885)
(2468,2872)
(2418,2799)
(1056,2781)
(2669,2766)
(4048,2712)
(361,2596)
(1861,2576)
(4648,2547)
(4818,2530)
(4798,2524)
(4766,2500)
(2273,2493)
(2336,2487)
(4847,2440)
(3022,2439)
(1087,2418)
(2545,2399)
(474,2398)
(2206,2394)
(1346,2324)
(2676,2318)
(2954,2292)
(4257,2285)
(4127,2261)
(3578,2260)
(1480,2259)
(3971,2228)
(4871,2220)
(2823,2190)
(1,2187)
(4605,2153)
(4129,1994)
(4160,1990)
(1487,1982)
(1727,1978)
(3205,1973)
(2193,1970)
(2664,1923)
(310,1918)
(1310,1914)
(3859,1903)
(2928,1864)
(3623,1847)
(2677,1836)
(1867,1834)
(1200,1832)
(3163,1800)
(4287,1797)
(2318,1793)
(4427,1776)
(1890,1742)
(3173,1740)
